[0] 000,000
[0] 000,000
[0] 000,000
[0] 000,000
[0] 000,000
[0] 000,000
[0] 000,000
[0] 000,000
[0] 000,000
[0] 000,000
[0] 000,000
[0] 000,000
[0] 000,000
[0] 000,000
[0] 000,000
[0] 000,000
[0] 000,000
[0] 000,000
[0] 000,000
[0] 000,000
[0] 000,000
[0] 000,000
[0] 000,000
[0] 000,000
[0] 000,000
[0] 000,000
[0] 000,000
[0] 000,000
[0] 000,000
[0] 000,000
[0] 000,000
[0] 000,000
[0] 000,000
[0] 000,000
[0] 000,000
[0] 000,000
[0] 000,000
[0] 000,000
[0] 000,000
[0] 000,000
[0] 000,000
[0] 000,000
[0] 000,000
[0] 000,000
[0] 000,000
[0] 000,000
[0] 000,000
[0] 000,000
[0] 000,000
[0] 000,000
[0] 000,000
[0] 000,000
[0] 000,000
[0] 000,000
[0] 000,000
[0] 000,000
[0] 000,000
[0] 000,000
[0] 000,000
[10] 000,010
[0] 000,000
[0] 000,000
[0] 000,000
[0] 000,000
[0] 000,000
[0] 000,000
[0] 000,000
[0] 000,000
[0] 000,000
[0] 000,000
[0] 000,000
[0] 000,000
[0] 000,000
[0] 000,000
[0] 000,000
[0] 000,000
[0] 000,000
[0] 000,000
[0] 000,000
[0] 000,000
[0] 000,000
[0] 000,000
[0] 000,000
[0] 000,000
[0] 000,000
[0] 000,000
[0] 000,000
[0] 000,000
[0] 000,000
[0] 000,000
[0] 000,000
[0] 000,000
[0] 000,000
[0] 000,000
[0] 000,000
[0] 000,000
[0] 000,000
[0] 000,000
[0] 000,000
[0] 000,000
[0] 000,000
[0] 000,000
[0] 000,000
[0] 000,000
[0] 000,000
[0] 000,000
[0] 000,000
[0] 000,000
[0] 000,000
[0] 000,000
[0] 000,000
[0] 000,000
[0] 000,000
[0] 000,000
[0] 000,000
[0] 000,000
[0] 000,000
[0] 000,000
[0] 000,000
[0] 000,000
[0] 000,000
[0] 000,000
[0] 000,000
[0] 000,000
[0] 000,000
[0] 000,000
[0] 000,000
[0] 000,000
[0] 000,000
[0] 000,000
[0] 000,000
[0] 000,000
[10] 000,010
[0] 000,000
[0] 000,000
[0] 000,000
[0] 000,000
[0] 000,000
[0] 000,000
[0] 000,000
[0] 000,000
[0] 000,000
[0] 000,000
[0] 000,000
[0] 000,000
[0] 000,000
[0] 000,000
[0] 000,000
[0] 000,000
[0] 000,000
[0] 000,000
[0] 000,000
[0] 000,000
[0] 000,000
[0] 000,000
[0] 000,000
[10] 000,010
[0] 000,000
[0] 000,000
[0] 000,000
[0] 000,000
[0] 000,000
[0] 000,000
[0] 000,000
[10] 000,010
[0] 000,000
[0] 000,000
[0] 000,000
[0] 000,000
[10] 000,010
[0] 000,000
[0] 000,000
[0] 000,000
[0] 000,000
[10] 000,010
[0] 000,000
[0] 000,000
[0] 000,000
[0] 000,000
[0] 000,000
[0] 000,000
[0] 000,000
[0] 000,000
[0] 000,000
[10] 000,010
[0] 000,000
[10] 000,010
[0] 000,000
[0] 000,000
[0] 000,000
[0] 000,000
[10] 000,010
[0] 000,000
[0] 000,000
[0] 000,000
[0] 000,000
[0] 000,000
[0] 000,000
[10] 000,010
[0] 000,000
[0] 000,000
[0] 000,000
[0] 000,000
[0] 000,000
[0] 000,000
[10] 000,010
[0] 000,000
[0] 000,000
[4] 000,004
[0] 000,000
[0] 000,000
[0] 000,000
[0] 000,000
[0] 000,000
[0] 000,000
[0] 000,000
[0] 000,000
[0] 000,000
[0] 000,000
[10] 000,010
[0] 000,000
[0] 000,000
[0] 000,000
[0] 000,000
[0] 000,000
[0] 000,000
[10] 000,010
[0] 000,000
[10] 000,010
[0] 000,000
[10] 000,010
[0] 000,000
[10] 000,010
[0] 000,000
[10] 000,010
[0] 000,000
[10] 000,010
[0] 000,000
[3] 000,003
[0] 000,000
[10] 000,010
[0] 000,000
[3] 000,003
[0] 000,000
[10] 000,010
[0] 000,000
[10] 000,010
[0] 000,000
[10] 000,010
[0] 000,000
[10] 000,010
[0] 000,000
[10] 000,010
[0] 000,000
[10] 000,010
[0] 000,000
[0] 000,000
[10] 000,010
[0] 000,000
[10] 000,010
[7] 000,007
[0] 000,000
[10] 000,010
[0] 000,000
[10] 000,010
[0] 000,000
[0] 000,000
[10] 000,010
[0] 000,000
[10] 000,010
[0] 000,000
[0] 000,000
[10] 000,010
[0] 000,000
[10] 000,010
[0] 000,000
[0] 000,000
[3] 000,003
[0] 000,000
[0] 000,000
[0] 000,000
[0] 000,000
[0] 000,000
[0] 000,000
[0] 000,000
[10] 000,010
[0] 000,000
[10] 000,010
[0] 000,000
[0] 000,000
[10] 000,010
[0] 000,000
[7] 000,007
[3] 000,003
[10] 000,010
[0] 000,000
[0] 000,000
[10] 000,010
[8] 000,008
[0] 000,000
[0] 000,000
[10] 000,010
[0] 000,000
[0] 000,000
[10] 000,010
[0] 000,000
[0] 000,000
[10] 000,010
[0] 000,000
[0] 000,000
[0] 000,000
[10] 000,010
[0] 000,000
[0] 000,000
[10] 000,010
[0] 000,000
[0] 000,000
[10] 000,010
[0] 000,000
[0] 000,000
[10] 000,010
[10] 000,010
[0] 000,000
[0] 000,000
[0] 000,000
[9] 000,009
[10] 000,010
[0] 000,000
[0] 000,000
[10] 000,010
[10] 000,010
[0] 000,000
[0] 000,000
[10] 000,010
[10] 000,010
[0] 000,000
[0] 000,000
[0] 000,000
[9] 000,009
[11] 000,011
[0] 000,000
[0] 000,000
[10] 000,010
[10] 000,010
[0] 000,000
[0] 000,000
[10] 000,010
[10] 000,010
[0] 000,000
[0] 000,000
[0] 000,000
[10] 000,010
[10] 000,010
[10] 000,010
[0] 000,000
[0] 000,000
[0] 000,000
[0] 000,000
[0] 000,000
[0] 000,000
[10] 000,010
[0] 000,000
[10] 000,010
[12] 000,012
[0] 000,000
[0] 000,000
[10] 000,010
[10] 000,010
[10] 000,010
[10] 000,010
[5] 000,005
[0] 000,000
[0] 000,000
[10] 000,010
[10] 000,010
[10] 000,010
[10] 000,010
[10] 000,010
[10] 000,010
[10] 000,010
[10] 000,010
[10] 000,010
[0] 000,000
[0] 000,000
[0] 000,000
[0] 000,000
[0] 000,000
[0] 000,000
[0] 000,000
[0] 000,000
[0] 000,000
[5] 000,005
[0] 000,000
[0] 000,000
[0] 000,000
[0] 000,000
[0] 000,000
[0] 000,000
[0] 000,000
[0] 000,000
[0] 000,000
[5] 000,005
[0] 000,000
[10] 000,010
[11] 000,011
[9] 000,009
[11] 000,011
[10] 000,010
[10] 000,010
[10] 000,010
[10] 000,010
[6] 000,006
[10] 000,010
[10] 000,010
[10] 000,010
[14] 000,014
[10] 000,010
[10] 000,010
[10] 000,010
[10] 000,010
[10] 000,010
[10] 000,010
[0] 000,000
[10] 000,010
[10] 000,010
[10] 000,010
[10] 000,010
[10] 000,010
[10] 000,010
[10] 000,010
[10] 000,010
[10] 000,010
[10] 000,010
[0] 000,000
[10] 000,010
[10] 000,010
[10] 000,010
[10] 000,010
[10] 000,010
[10] 000,010
[0] 000,000
[10] 000,010
[11] 000,011
[9] 000,009
[10] 000,010
[10] 000,010
[0] 000,000
[10] 000,010
[10] 000,010
[10] 000,010
[10] 000,010
[10] 000,010
[10] 000,010
[10] 000,010
[0] 000,000
[10] 000,010
[10] 000,010
[10] 000,010
[10] 000,010
[11] 000,011
[4] 000,004
[10] 000,010
[10] 000,010
[11] 000,011
[10] 000,010
[0] 000,000
[10] 000,010
[10] 000,010
[10] 000,010
[10] 000,010
[0] 000,000
[11] 000,011
[9] 000,009
[10] 000,010
[10] 000,010
[10] 000,010
[20] 000,020
[10] 000,010
[10] 000,010
[0] 000,000
[10] 000,010
[10] 000,010
[10] 000,010
[10] 000,010
[10] 000,010
[10] 000,010
[10] 000,010
[2] 000,002
[10] 000,010
[10] 000,010
[10] 000,010
[10] 000,010
[11] 000,011
[10] 000,010
[10] 000,010
[10] 000,010
[10] 000,010
[10] 000,010
[15] 000,015
[10] 000,010
